[
    {
        "intrinsic": [
            [
                403.7981872558594,
                0.0,
                259.0
            ],
            [
                0.0,
                402.5342102050781,
                196.0
            ],
            [
                0.0,
                0.0,
                1.0
            ]
        ],
        "extrinsic": [
            [
                0.9999998807907104,
                0.00041961669921875,
                -0.0002536773681640625,
                -0.000194549560546875
            ],
            [
                0.00041961669921875,
                -0.9999998211860657,
                -0.0003871917724609375,
                -0.00011157989501953125
            ],
            [
                -0.0002536773681640625,
                0.0003871917724609375,
                -0.9999998807907104,
                0.0002498626708984375
            ],
            [
                0.0,
                0.0,
                0.0,
                1.0
            ]
        ],
        "glb": "http://localhost/vggt_bary/data/cake/00.glb"
    },
    {
        "intrinsic": [
            [
                403.7981872558594,
                0.0,
                259.0
            ],
            [
                0.0,
                400.5447692871094,
                196.0
            ],
            [
                0.0,
                0.0,
                1.0
            ]
        ],
        "extrinsic": [
            [
                0.9916089177131653,
                0.0443439781665802,
                -0.12151720374822617,
                0.12353515625
            ],
            [
                0.04140404611825943,
                -0.9987903237342834,
                -0.02645939029753208,
                0.005584716796875
            ],
            [
                -0.12249717861413956,
                0.021314509212970734,
                -0.9922520518302917,
                0.034423828125
            ],
            [
                0.0,
                0.0,
                0.0,
                1.0
            ]
        ],
        "glb": "http://localhost/vggt_bary/data/cake/01.glb"
    },
    {
        "intrinsic": [
            [
                403.7981872558594,
                0.0,
                259.0
            ],
            [
                0.0,
                400.5447692871094,
                196.0
            ],
            [
                0.0,
                0.0,
                1.0
            ]
        ],
        "extrinsic": [
            [
                0.9788243770599365,
                0.07009857892990112,
                -0.19179749488830566,
                0.2255859375
            ],
            [
                0.06425702571868896,
                -0.9972009062767029,
                -0.03797006234526634,
                0.0191650390625
            ],
            [
                -0.19374467432498932,
                0.02482657879590988,
                -0.9806498885154724,
                0.051025390625
            ],
            [
                0.0,
                0.0,
                0.0,
                1.0
            ]
        ],
        "glb": "http://localhost/vggt_bary/data/cake/02.glb"
    },
    {
        "intrinsic": [
            [
                403.7981872558594,
                0.0,
                259.0
            ],
            [
                0.0,
                398.5710754394531,
                196.0
            ],
            [
                0.0,
                0.0,
                1.0
            ]
        ],
        "extrinsic": [
            [
                0.9691175222396851,
                0.08251606673002243,
                -0.23241212964057922,
                0.33203125
            ],
            [
                0.0747038945555687,
                -0.9963685870170593,
                -0.0405256450176239,
                0.0238037109375
            ],
            [
                -0.23436516523361206,
                0.02197173424065113,
                -0.9718029499053955,
                0.06298828125
            ],
            [
                0.0,
                0.0,
                0.0,
                1.0
            ]
        ],
        "glb": "http://localhost/vggt_bary/data/cake/03.glb"
    },
    {
        "intrinsic": [
            [
                403.7981872558594,
                0.0,
                259.0
            ],
            [
                0.0,
                400.5447692871094,
                196.0
            ],
            [
                0.0,
                0.0,
                1.0
            ]
        ],
        "extrinsic": [
            [
                0.948854923248291,
                0.11300621926784515,
                -0.29420584440231323,
                0.408203125
            ],
            [
                0.10423849523067474,
                -0.9934241771697998,
                -0.04676119238138199,
                0.04296875
            ],
            [
                -0.29810261726379395,
                0.013760454952716827,
                -0.9544565677642822,
                0.0576171875
            ],
            [
                0.0,
                0.0,
                0.0,
                1.0
            ]
        ],
        "glb": "http://localhost/vggt_bary/data/cake/04.glb"
    },
    {
        "intrinsic": [
            [
                403.7981872558594,
                0.0,
                259.0
            ],
            [
                0.0,
                402.5342102050781,
                196.0
            ],
            [
                0.0,
                0.0,
                1.0
            ]
        ],
        "extrinsic": [
            [
                0.9218820929527283,
                0.14061225950717926,
                -0.35934245586395264,
                0.50390625
            ],
            [
                0.1308475136756897,
                -0.9900521636009216,
                -0.04980017617344856,
                0.061767578125
            ],
            [
                -0.363248348236084,
                -0.0014647110365331173,
                -0.9311586022377014,
                0.049072265625
            ],
            [
                0.0,
                0.0,
                0.0,
                1.0
            ]
        ],
        "glb": "http://localhost/vggt_bary/data/cake/05.glb"
    },
    {
        "intrinsic": [
            [
                403.7981872558594,
                0.0,
                259.0
            ],
            [
                0.0,
                402.5342102050781,
                196.0
            ],
            [
                0.0,
                0.0,
                1.0
            ]
        ],
        "extrinsic": [
            [
                0.9370657205581665,
                0.14538303017616272,
                -0.31613489985466003,
                0.49609375
            ],
            [
                0.129771426320076,
                -0.9890230894088745,
                -0.07171578705310822,
                0.11474609375
            ],
            [
                -0.3239406943321228,
                0.025978678837418556,
                -0.9456033110618591,
                0.04052734375
            ],
            [
                0.0,
                0.0,
                0.0,
                1.0
            ]
        ],
        "glb": "http://localhost/vggt_bary/data/cake/06.glb"
    },
    {
        "intrinsic": [
            [
                407.29034423828125,
                0.0,
                259.0
            ],
            [
                0.0,
                404.5397644042969,
                196.0
            ],
            [
                0.0,
                0.0,
                1.0
            ]
        ],
        "extrinsic": [
            [
                0.9617717266082764,
                0.10537279397249222,
                -0.25289469957351685,
                0.421875
            ],
            [
                0.09164982289075851,
                -0.9937511682510376,
                -0.06371378153562546,
                0.10009765625
            ],
            [
                -0.2568155527114868,
                0.038228269666433334,
                -0.9654475450515747,
                0.06396484375
            ],
            [
                0.0,
                0.0,
                0.0,
                1.0
            ]
        ],
        "glb": "http://localhost/vggt_bary/data/cake/07.glb"
    },
    {
        "intrinsic": [
            [
                403.7981872558594,
                0.0,
                259.0
            ],
            [
                0.0,
                400.5447692871094,
                196.0
            ],
            [
                0.0,
                0.0,
                1.0
            ]
        ],
        "extrinsic": [
            [
                0.9746649265289307,
                0.0930175632238388,
                -0.20268037915229797,
                0.349609375
            ],
            [
                0.0851845070719719,
                -0.9952267408370972,
                -0.04822226241230965,
                0.0859375
            ],
            [
                -0.20659691095352173,
                0.029618751257658005,
                -0.9779695272445679,
                0.0859375
            ],
            [
                0.0,
                0.0,
                0.0,
                1.0
            ]
        ],
        "glb": "http://localhost/vggt_bary/data/cake/08.glb"
    },
    {
        "intrinsic": [
            [
                403.7981872558594,
                0.0,
                259.0
            ],
            [
                0.0,
                402.5342102050781,
                196.0
            ],
            [
                0.0,
                0.0,
                1.0
            ]
        ],
        "extrinsic": [
            [
                0.9874696731567383,
                0.06063448265194893,
                -0.14474038779735565,
                0.26171875
            ],
            [
                0.05770055577158928,
                -0.9979981780052185,
                -0.025671858340501785,
                0.0771484375
            ],
            [
                -0.1466963291168213,
                0.01711457222700119,
                -0.988997757434845,
                0.09912109375
            ],
            [
                0.0,
                0.0,
                0.0,
                1.0
            ]
        ],
        "glb": "http://localhost/vggt_bary/data/cake/09.glb"
    },
    {
        "intrinsic": [
            [
                403.7981872558594,
                0.0,
                259.0
            ],
            [
                0.0,
                398.5710754394531,
                196.0
            ],
            [
                0.0,
                0.0,
                1.0
            ]
        ],
        "extrinsic": [
            [
                0.9968160390853882,
                0.03436849266290665,
                -0.07214946299791336,
                0.1572265625
            ],
            [
                0.03388099744915962,
                -0.9993906021118164,
                -0.008592123165726662,
                0.0595703125
            ],
            [
                -0.07214946299791336,
                0.006093704141676426,
                -0.9973644614219666,
                0.11083984375
            ],
            [
                0.0,
                0.0,
                0.0,
                1.0
            ]
        ],
        "glb": "http://localhost/vggt_bary/data/cake/10.glb"
    },
    {
        "intrinsic": [
            [
                400.3482666015625,
                0.0,
                259.0
            ],
            [
                0.0,
                398.5710754394531,
                196.0
            ],
            [
                0.0,
                0.0,
                1.0
            ]
        ],
        "extrinsic": [
            [
                0.9985058307647705,
                -0.0178079754114151,
                -0.051716309040784836,
                0.0849609375
            ],
            [
                -0.018539808690547943,
                -0.9997217655181885,
                -0.014514719136059284,
                0.061767578125
            ],
            [
                -0.051228418946266174,
                0.015490498393774033,
                -0.9985591769218445,
                0.060302734375
            ],
            [
                0.0,
                0.0,
                0.0,
                1.0
            ]
        ],
        "glb": "http://localhost/vggt_bary/data/cake/11.glb"
    },
    {
        "intrinsic": [
            [
                400.3482666015625,
                0.0,
                259.0
            ],
            [
                0.0,
                400.5447692871094,
                196.0
            ],
            [
                0.0,
                0.0,
                1.0
            ]
        ],
        "extrinsic": [
            [
                0.9983077049255371,
                -0.05781228467822075,
                -0.007165552116930485,
                0.031494140625
            ],
            [
                -0.05781228467822075,
                -0.9983305931091309,
                0.00031635150662623346,
                0.06640625
            ],
            [
                -0.007165552116930485,
                9.814519580686465e-05,
                -0.999974250793457,
                0.055908203125
            ],
            [
                0.0,
                0.0,
                0.0,
                1.0
            ]
        ],
        "glb": "http://localhost/vggt_bary/data/cake/12.glb"
    },
    {
        "intrinsic": [
            [
                407.29034423828125,
                0.0,
                259.0
            ],
            [
                0.0,
                402.5342102050781,
                196.0
            ],
            [
                0.0,
                0.0,
                1.0
            ]
        ],
        "extrinsic": [
            [
                0.9908257722854614,
                0.05871514976024628,
                -0.12134464085102081,
                0.107421875
            ],
            [
                0.05039716884493828,
                -0.9961315393447876,
                -0.0719260573387146,
                0.12451171875
            ],
            [
                -0.12525898218154907,
                0.06507595628499985,
                -0.9899694919586182,
                0.0198974609375
            ],
            [
                0.0,
                0.0,
                0.0,
                1.0
            ]
        ],
        "glb": "http://localhost/vggt_bary/data/cake/13.glb"
    },
    {
        "intrinsic": [
            [
                403.7981872558594,
                0.0,
                259.0
            ],
            [
                0.0,
                402.5342102050781,
                196.0
            ],
            [
                0.0,
                0.0,
                1.0
            ]
        ],
        "extrinsic": [
            [
                0.9834271669387817,
                0.06970349699258804,
                -0.1667034775018692,
                0.197265625
            ],
            [
                0.0577612929046154,
                -0.9953693747520447,
                -0.07604017853736877,
                0.1220703125
            ],
            [
                -0.1706029772758484,
                0.0653165653347969,
                -0.9830615520477295,
                0.032958984375
            ],
            [
                0.0,
                0.0,
                0.0,
                1.0
            ]
        ],
        "glb": "http://localhost/vggt_bary/data/cake/14.glb"
    },
    {
        "intrinsic": [
            [
                403.7981872558594,
                0.0,
                259.0
            ],
            [
                0.0,
                402.5342102050781,
                196.0
            ],
            [
                0.0,
                0.0,
                1.0
            ]
        ],
        "extrinsic": [
            [
                0.9709616899490356,
                0.09175137430429459,
                -0.22156980633735657,
                0.27734375
            ],
            [
                0.07418195903301239,
                -0.9934114813804626,
                -0.08784706145524979,
                0.13671875
            ],
            [
                -0.22742627561092377,
                0.06930156797170639,
                -0.9712057113647461,
                0.006072998046875
            ],
            [
                0.0,
                0.0,
                0.0,
                1.0
            ]
        ],
        "glb": "http://localhost/vggt_bary/data/cake/15.glb"
    },
    {
        "intrinsic": [
            [
                403.7981872558594,
                0.0,
                259.0
            ],
            [
                0.0,
                402.5342102050781,
                196.0
            ],
            [
                0.0,
                0.0,
                1.0
            ]
        ],
        "extrinsic": [
            [
                0.9524719715118408,
                0.11309229582548141,
                -0.28273072838783264,
                0.34375
            ],
            [
                0.09164375811815262,
                -0.9920177459716797,
                -0.08628161996603012,
                0.154296875
            ],
            [
                -0.2905302047729492,
                0.05605867877602577,
                -0.9551530480384827,
                -0.00159454345703125
            ],
            [
                0.0,
                0.0,
                0.0,
                1.0
            ]
        ],
        "glb": "http://localhost/vggt_bary/data/cake/16.glb"
    },
    {
        "intrinsic": [
            [
                403.7981872558594,
                0.0,
                259.0
            ],
            [
                0.0,
                402.5342102050781,
                196.0
            ],
            [
                0.0,
                0.0,
                1.0
            ]
        ],
        "extrinsic": [
            [
                0.9266778230667114,
                0.1427338421344757,
                -0.3460806906223297,
                0.38671875
            ],
            [
                0.11536023020744324,
                -0.9885128736495972,
                -0.09776291251182556,
                0.177734375
            ],
            [
                -0.3578122556209564,
                0.05010349303483963,
                -0.9325435757637024,
                -0.031005859375
            ],
            [
                0.0,
                0.0,
                0.0,
                1.0
            ]
        ],
        "glb": "http://localhost/vggt_bary/data/cake/17.glb"
    },
    {
        "intrinsic": [
            [
                403.7981872558594,
                0.0,
                259.0
            ],
            [
                0.0,
                400.5447692871094,
                196.0
            ],
            [
                0.0,
                0.0,
                1.0
            ]
        ],
        "extrinsic": [
            [
                0.9224768280982971,
                0.15504631400108337,
                -0.3529985249042511,
                0.4140625
            ],
            [
                0.12579229474067688,
                -0.9863481521606445,
                -0.10677718371152878,
                0.2001953125
            ],
            [
                -0.3647001385688782,
                0.05411994084715843,
                -0.9293028116226196,
                -0.0712890625
            ],
            [
                0.0,
                0.0,
                0.0,
                1.0
            ]
        ],
        "glb": "http://localhost/vggt_bary/data/cake/18.glb"
    },
    {
        "intrinsic": [
            [
                400.3482666015625,
                0.0,
                259.0
            ],
            [
                0.0,
                400.5447692871094,
                196.0
            ],
            [
                0.0,
                0.0,
                1.0
            ]
        ],
        "extrinsic": [
            [
                0.9885715246200562,
                0.06551516056060791,
                -0.13494166731834412,
                0.1494140625
            ],
            [
                0.0733378604054451,
                -0.9959664344787598,
                0.051825422793626785,
                -0.0400390625
            ],
            [
                -0.13103032112121582,
                -0.06111488491296768,
                -0.9894271492958069,
                0.0791015625
            ],
            [
                0.0,
                0.0,
                0.0,
                1.0
            ]
        ],
        "glb": "http://localhost/vggt_bary/data/cake/19.glb"
    },
    {
        "intrinsic": [
            [
                400.3482666015625,
                0.0,
                259.0
            ],
            [
                0.0,
                398.5710754394531,
                196.0
            ],
            [
                0.0,
                0.0,
                1.0
            ]
        ],
        "extrinsic": [
            [
                0.9743121266365051,
                0.08807272464036942,
                -0.2074601948261261,
                0.2294921875
            ],
            [
                0.09883716702461243,
                -0.9941284656524658,
                0.04305777698755264,
                -0.025634765625
            ],
            [
                -0.2015886753797531,
                -0.06262949109077454,
                -0.9772478938102722,
                0.07568359375
            ],
            [
                0.0,
                0.0,
                0.0,
                1.0
            ]
        ],
        "glb": "http://localhost/vggt_bary/data/cake/20.glb"
    },
    {
        "intrinsic": [
            [
                400.3482666015625,
                0.0,
                259.0
            ],
            [
                0.0,
                398.5710754394531,
                196.0
            ],
            [
                0.0,
                0.0,
                1.0
            ]
        ],
        "extrinsic": [
            [
                0.9637442231178284,
                0.0919777974486351,
                -0.24916736781597137,
                0.28125
            ],
            [
                0.10657744854688644,
                -0.9933388829231262,
                0.04379894956946373,
                -0.019775390625
            ],
            [
                -0.24430081248283386,
                -0.06861835718154907,
                -0.9671508073806763,
                0.0810546875
            ],
            [
                0.0,
                0.0,
                0.0,
                1.0
            ]
        ],
        "glb": "http://localhost/vggt_bary/data/cake/21.glb"
    },
    {
        "intrinsic": [
            [
                400.3482666015625,
                0.0,
                259.0
            ],
            [
                0.0,
                398.5710754394531,
                196.0
            ],
            [
                0.0,
                0.0,
                1.0
            ]
        ],
        "extrinsic": [
            [
                0.949587881565094,
                0.09790177643299103,
                -0.2961407005786896,
                0.359375
            ],
            [
                0.11348813027143478,
                -0.9928765296936035,
                0.0360434427857399,
                0.004119873046875
            ],
            [
                -0.2922441065311432,
                -0.06770321726799011,
                -0.9539715647697449,
                0.06689453125
            ],
            [
                0.0,
                0.0,
                0.0,
                1.0
            ]
        ],
        "glb": "http://localhost/vggt_bary/data/cake/22.glb"
    },
    {
        "intrinsic": [
            [
                403.7981872558594,
                0.0,
                259.0
            ],
            [
                0.0,
                400.5447692871094,
                196.0
            ],
            [
                0.0,
                0.0,
                1.0
            ]
        ],
        "extrinsic": [
            [
                0.9547981023788452,
                0.10017721354961395,
                -0.27951884269714355,
                0.375
            ],
            [
                0.10213188827037811,
                -0.9947468042373657,
                -0.006932996213436127,
                0.057373046875
            ],
            [
                -0.27951884269714355,
                -0.02199011854827404,
                -0.9599291086196899,
                0.07568359375
            ],
            [
                0.0,
                0.0,
                0.0,
                1.0
            ]
        ],
        "glb": "http://localhost/vggt_bary/data/cake/23.glb"
    },
    {
        "intrinsic": [
            [
                403.7981872558594,
                0.0,
                259.0
            ],
            [
                0.0,
                400.5447692871094,
                196.0
            ],
            [
                0.0,
                0.0,
                1.0
            ]
        ],
        "extrinsic": [
            [
                0.9730856418609619,
                0.07878568023443222,
                -0.216293603181839,
                0.283203125
            ],
            [
                0.07976438105106354,
                -0.9968039393424988,
                -0.002691436093300581,
                0.046630859375
            ],
            [
                -0.216293603181839,
                -0.014680560678243637,
                -0.9762664437294006,
                0.04833984375
            ],
            [
                0.0,
                0.0,
                0.0,
                1.0
            ]
        ],
        "glb": "http://localhost/vggt_bary/data/cake/24.glb"
    },
    {
        "intrinsic": [
            [
                400.3482666015625,
                0.0,
                259.0
            ],
            [
                0.0,
                400.5447692871094,
                196.0
            ],
            [
                0.0,
                0.0,
                1.0
            ]
        ],
        "extrinsic": [
            [
                0.9860131740570068,
                0.05252690240740776,
                -0.15831364691257477,
                0.216796875
            ],
            [
                0.055947259068489075,
                -0.9982821941375732,
                0.01734609343111515,
                0.041015625
            ],
            [
                -0.15635915100574493,
                -0.025896985083818436,
                -0.9872347116470337,
                0.062255859375
            ],
            [
                0.0,
                0.0,
                0.0,
                1.0
            ]
        ],
        "glb": "http://localhost/vggt_bary/data/cake/25.glb"
    },
    {
        "intrinsic": [
            [
                400.3482666015625,
                0.0,
                259.0
            ],
            [
                0.0,
                398.5710754394531,
                196.0
            ],
            [
                0.0,
                0.0,
                1.0
            ]
        ],
        "extrinsic": [
            [
                0.99521404504776,
                0.0316607840359211,
                -0.09228259325027466,
                0.138671875
            ],
            [
                0.034115105867385864,
                -0.9991102814674377,
                0.02478867582976818,
                0.04150390625
            ],
            [
                -0.0913008600473404,
                -0.02773386426270008,
                -0.9954288005828857,
                0.06396484375
            ],
            [
                0.0,
                0.0,
                0.0,
                1.0
            ]
        ],
        "glb": "http://localhost/vggt_bary/data/cake/26.glb"
    },
    {
        "intrinsic": [
            [
                400.3482666015625,
                0.0,
                259.0
            ],
            [
                0.0,
                398.5710754394531,
                196.0
            ],
            [
                0.0,
                0.0,
                1.0
            ]
        ],
        "extrinsic": [
            [
                0.9994890093803406,
                -0.0011516846716403961,
                -0.031972598284482956,
                0.05859375
            ],
            [
                -0.0006940616294741631,
                -0.9998965859413147,
                0.014338855631649494,
                0.0546875
            ],
            [
                -0.031972598284482956,
                -0.014338855631649494,
                -0.9993860125541687,
                0.0625
            ],
            [
                0.0,
                0.0,
                0.0,
                1.0
            ]
        ],
        "glb": "http://localhost/vggt_bary/data/cake/27.glb"
    },
    {
        "intrinsic": [
            [
                403.7981872558594,
                0.0,
                259.0
            ],
            [
                0.0,
                402.5342102050781,
                196.0
            ],
            [
                0.0,
                0.0,
                1.0
            ]
        ],
        "extrinsic": [
            [
                0.99704909324646,
                0.008396336808800697,
                -0.07641883939504623,
                0.11328125
            ],
            [
                0.002129505854099989,
                -0.9966384172439575,
                -0.08177302032709122,
                0.1005859375
            ],
            [
                -0.07641883939504623,
                0.08177302032709122,
                -0.9937331676483154,
                0.06640625
            ],
            [
                0.0,
                0.0,
                0.0,
                1.0
            ]
        ],
        "glb": "http://localhost/vggt_bary/data/cake/28.glb"
    },
    {
        "intrinsic": [
            [
                407.29034423828125,
                0.0,
                259.0
            ],
            [
                0.0,
                402.5342102050781,
                196.0
            ],
            [
                0.0,
                0.0,
                1.0
            ]
        ],
        "extrinsic": [
            [
                0.9910717606544495,
                0.035712920129299164,
                -0.12817513942718506,
                0.1552734375
            ],
            [
                0.025683950632810593,
                -0.996621310710907,
                -0.0777856782078743,
                0.10205078125
            ],
            [
                -0.1301320195198059,
                0.07387193292379379,
                -0.988625705242157,
                0.07958984375
            ],
            [
                0.0,
                0.0,
                0.0,
                1.0
            ]
        ],
        "glb": "http://localhost/vggt_bary/data/cake/29.glb"
    },
    {
        "intrinsic": [
            [
                407.29034423828125,
                0.0,
                259.0
            ],
            [
                0.0,
                404.5397644042969,
                196.0
            ],
            [
                0.0,
                0.0,
                1.0
            ]
        ],
        "extrinsic": [
            [
                0.9823432564735413,
                0.05723222717642784,
                -0.17729812860488892,
                0.228515625
            ],
            [
                0.043593909591436386,
                -0.9958293437957764,
                -0.07988157868385315,
                0.107421875
            ],
            [
                -0.18119479715824127,
                0.07111408561468124,
                -0.9807602167129517,
                0.0791015625
            ],
            [
                0.0,
                0.0,
                0.0,
                1.0
            ]
        ],
        "glb": "http://localhost/vggt_bary/data/cake/30.glb"
    },
    {
        "intrinsic": [
            [
                403.7981872558594,
                0.0,
                259.0
            ],
            [
                0.0,
                402.5342102050781,
                196.0
            ],
            [
                0.0,
                0.0,
                1.0
            ]
        ],
        "extrinsic": [
            [
                0.9630284309387207,
                0.09157198667526245,
                -0.2526799142360687,
                0.310546875
            ],
            [
                0.06806688010692596,
                -0.9925322532653809,
                -0.1008760929107666,
                0.12890625
            ],
            [
                -0.2605149447917938,
                0.08030912280082703,
                -0.9620490670204163,
                0.05322265625
            ],
            [
                0.0,
                0.0,
                0.0,
                1.0
            ]
        ],
        "glb": "http://localhost/vggt_bary/data/cake/31.glb"
    },
    {
        "intrinsic": [
            [
                403.7981872558594,
                0.0,
                259.0
            ],
            [
                0.0,
                402.5342102050781,
                196.0
            ],
            [
                0.0,
                0.0,
                1.0
            ]
        ],
        "extrinsic": [
            [
                0.9367213845252991,
                0.1207161471247673,
                -0.32710182666778564,
                0.396484375
            ],
            [
                0.08566952496767044,
                -0.9891695976257324,
                -0.11974263191223145,
                0.1513671875
            ],
            [
                -0.33878400921821594,
                0.08372248709201813,
                -0.9367213845252991,
                0.016357421875
            ],
            [
                0.0,
                0.0,
                0.0,
                1.0
            ]
        ],
        "glb": "http://localhost/vggt_bary/data/cake/32.glb"
    },
    {
        "intrinsic": [
            [
                407.29034423828125,
                0.0,
                259.0
            ],
            [
                0.0,
                404.5397644042969,
                196.0
            ],
            [
                0.0,
                0.0,
                1.0
            ]
        ],
        "extrinsic": [
            [
                0.9135333299636841,
                0.14557667076587677,
                -0.37908557057380676,
                0.458984375
            ],
            [
                0.10063353925943375,
                -0.9858331680297852,
                -0.13482940196990967,
                0.16796875
            ],
            [
                -0.3947179615497589,
                0.0845126360654831,
                -0.9149988293647766,
                -0.002655029296875
            ],
            [
                0.0,
                0.0,
                0.0,
                1.0
            ]
        ],
        "glb": "http://localhost/vggt_bary/data/cake/33.glb"
    },
    {
        "intrinsic": [
            [
                403.7981872558594,
                0.0,
                259.0
            ],
            [
                0.0,
                400.5447692871094,
                196.0
            ],
            [
                0.0,
                0.0,
                1.0
            ]
        ],
        "extrinsic": [
            [
                0.9942487478256226,
                0.0029212564695626497,
                -0.10711274296045303,
                0.130859375
            ],
            [
                0.0029516862705349922,
                -0.9999955892562866,
                0.00019589155272115022,
                0.02978515625
            ],
            [
                -0.10711274296045303,
                -0.0005096984095871449,
                -0.9942487478256226,
                0.031982421875
            ],
            [
                0.0,
                0.0,
                0.0,
                1.0
            ]
        ],
        "glb": "http://localhost/vggt_bary/data/cake/34.glb"
    },
    {
        "intrinsic": [
            [
                403.7981872558594,
                0.0,
                259.0
            ],
            [
                0.0,
                404.5397644042969,
                196.0
            ],
            [
                0.0,
                0.0,
                1.0
            ]
        ],
        "extrinsic": [
            [
                0.9834067821502686,
                0.021107565611600876,
                -0.17959731817245483,
                0.22265625
            ],
            [
                0.02257167361676693,
                -0.9997292757034302,
                0.005795429926365614,
                0.03662109375
            ],
            [
                -0.17959731817245483,
                -0.009760724380612373,
                -0.983650803565979,
                0.028564453125
            ],
            [
                0.0,
                0.0,
                0.0,
                1.0
            ]
        ],
        "glb": "http://localhost/vggt_bary/data/cake/35.glb"
    },
    {
        "intrinsic": [
            [
                400.3482666015625,
                0.0,
                259.0
            ],
            [
                0.0,
                398.5710754394531,
                196.0
            ],
            [
                0.0,
                0.0,
                1.0
            ]
        ],
        "extrinsic": [
            [
                0.9656303524971008,
                0.046313703060150146,
                -0.2554566562175751,
                0.33203125
            ],
            [
                0.04875126853585243,
                -0.9988040924072266,
                0.0027117892168462276,
                0.0419921875
            ],
            [
                -0.2554566562175751,
                -0.015112892724573612,
                -0.966849148273468,
                0.033203125
            ],
            [
                0.0,
                0.0,
                0.0,
                1.0
            ]
        ],
        "glb": "http://localhost/vggt_bary/data/cake/36.glb"
    },
    {
        "intrinsic": [
            [
                407.29034423828125,
                0.0,
                259.0
            ],
            [
                0.0,
                404.5397644042969,
                196.0
            ],
            [
                0.0,
                0.0,
                1.0
            ]
        ],
        "extrinsic": [
            [
                0.961106538772583,
                0.08267911523580551,
                -0.26222488284111023,
